# name: debug
# type: sparse matrix
# nnz: 36
# rows: 6
# columns: 6

1 1 -3385939137940588.500000000
2 1 6086431037250719.000000000
3 1 888194743948617.875000000
4 1 165976049.666618913
5 1 -18619924.228453759
6 1 0.000000000
1 2 4653269749243912.000000000
2 2 -8445756738430334.000000000
3 2 -1261641300313052.250000000
4 2 -243093463.388484061
5 2 20711498.532821286
6 2 0.000000000
1 3 164712373204137.312500000
2 3 -337082606977471.000000000
3 3 -63905647573865.929687500
4 3 -15643210.792092402
5 3 -1556565.832277917
6 3 0.000000000
1 4 35529597.572969660
2 4 -71165646.116749361
3 4 -13004746.405928006
4 4 -3.203590376
5 4 -0.332574459
6 4 0.000000000
1 5 263935.164681151
2 5 669170.049085667
3 5 508077.011030090
4 5 0.108555343
5 5 0.000000000
6 5 0.000000000
1 6 0.000000000
2 6 0.000000000
3 6 0.000000000
4 6 0.000000000
5 6 0.000000000
6 6 0.000000000
