# name: debug
# type: sparse matrix
# nnz: 36
# rows: 6
# columns: 6

1 1 0.004444444
2 1 -0.000000000
3 1 0.000000000
4 1 0.000000000
5 1 0.000000000
6 1 0.000000000
1 2 -1731095748.335019112
2 2 -0.669312754
3 2 -0.358159133
4 2 0.000000000
5 2 0.000000000
6 2 0.000000000
1 3 1731095748.335019112
2 3 0.673757198
3 3 0.362603578
4 3 0.000000000
5 3 0.000000000
6 3 0.000000000
1 4 0.000000000
2 4 0.000000000
3 4 0.000000000
4 4 0.004444444
5 4 0.000000000
6 4 0.000000000
1 5 0.000000000
2 5 0.000000000
3 5 0.000000000
4 5 0.000000000
5 5 0.004444444
6 5 0.000000000
1 6 0.000000000
2 6 0.000000000
3 6 0.000000000
4 6 0.000000000
5 6 0.000000000
6 6 0.004444444
