%YAML:1.0

#--------------------------------------------------------------------------------------------
# System config
#--------------------------------------------------------------------------------------------

# When the variables are commented, the system doesn't load a previous session or not store the current one

# If the LoadFile doesn't exist, the system give a message and create a new Atlas from scratch
#System.LoadAtlasFromFile: "Session_MH01_MH02_MH03_Stereo60_Pseudo"

# The store file is created from the current session, if a file with the same name exists it is deleted
#System.SaveAtlasToFile: "Session_MH01_MH02_MH03_Stereo60_Pseudo"

#--------------------------------------------------------------------------------------------
# Camera Parameters. Adjust them!
#--------------------------------------------------------------------------------------------
File.version: "1.0"

Camera.type: "PinHole"

# Camera calibration and distortion parameters (OpenCV) 
Camera1.k1: -0.0442856
Camera1.k2: 0.0133574
Camera1.p1: 0.0
Camera1.p2: 0.0

Camera1.fx: 264.9425
Camera1.fy: 264.79
Camera1.cx: 334.3975
Camera1.cy: 183.162

Camera2.k1: -0.0442856
Camera2.k2: 0.0133574
Camera2.p1: 0.0
Camera2.p2: 0.0

Camera2.fx: 264.9425
Camera2.fy: 264.79
Camera2.cx: 334.3975
Camera2.cy: 183.162

Camera.width: 672
Camera.height: 376

# Camera frames per second 
Camera.fps: 15

# Color order of the images (0: BGR, 1: RGB. It is ignored if images are grayscale)
Camera.RGB: 1

Stereo.ThDepth: 60.0
#Stereo.b: 0.012
Stereo.T_c1_c2: !!opencv-matrix
  rows: 4
  cols: 4
  dt: f
  data: [0.999997256477797,-0.002317135723275,-0.000343393120620,0.110074137800478,
         0.002312067192432,0.999898048507103,-0.014090668452683,-0.000156612054392,
         0.000376008102320,0.014089835846691,0.999900662638081,0.000889382785432,
         0,0,0,1.000000000000000]
  #data: [1.0, 0.0 ,0.0 ,0.12,
       # 0.0, 1.0, 0.0, 0.0,
       # 0.0,0.0,1.0,0.0,
       # 0.0,0.0,0.0,1.0]      
     
IMU.T_b_c1: !!opencv-matrix
  rows: 4
  cols: 4
  dt: f
  data:   [0.99958975976322017672, 0.017170804625958683,
              -0.022923255549840760448, -0.0851835233537896739,
               0.0231465893493554992, -0.01292276982900426,
              0.99964855695461152696, 0.1257734831824673213,
             0.016868538110887141801, -0.99976905607667321087,
           -0.013314913952324877203, 0.075888549707280005484,0.0, 0.0, 0.0, 1.0]

# IMU noise
IMU.NoiseGyro: 1.0270904839480961e-02 # 1.6968e-04
IMU.NoiseAcc: 1.1197412605492375e-02 # 2.0000e-3
IMU.GyroWalk: 9.1355383994881894e-05
IMU.AccWalk: 1.1751767903346351e-04 # 3.0000e-3
IMU.Frequency: 400.0


  #data: [1., 0. ,0., 0.12,
   #     0., 1. ,0. , 0.,
    #    0., 0., 1., 0.,
     #   0., 0. ,0. ,1.0 ]
     #./Examples/Stereo/stereo_tum_vi ./Vocabulary/ORBvoc.txt ./Examples/Stereo/EuRoC.yaml ../data/MH_01_easy/mav0/cam1/data ../data/MH_01_easy/mav0/cam0/data ./Examples/Stereo-Inertial/EuRoC_TimeStamps/MH01.txt ./Examples/Stereo-Inertial/EuRoC_TimeStamps/MH01.txt  dataset-MH01_monoi
#--------------------------------------------------------------------------------------------
# ORB Parameters
#--------------------------------------------------------------------------------------------

# ORB Extractor: Number of features per image
ORBextractor.nFeatures: 1200

# ORB Extractor: Scale factor between levels in the scale pyramid 	
ORBextractor.scaleFactor: 1.2

# ORB Extractor: Number of levels in the scale pyramid	
ORBextractor.nLevels: 8

# ORB Extractor: Fast threshold
# Image is divided in a grid. At each cell FAST are extracted imposing a minimum response.
# Firstly we impose iniThFAST. If no corners are detected we impose a lower value minThFAST
# You can lower these values if your images have low contrast			
ORBextractor.iniThFAST: 20
ORBextractor.minThFAST: 7

#--------------------------------------------------------------------------------------------
# Viewer Parameters
#--------------------------------------------------------------------------------------------
Viewer.KeyFrameSize: 0.05
Viewer.KeyFrameLineWidth: 1.0
Viewer.GraphLineWidth: 0.9
Viewer.PointSize: 2.0
Viewer.CameraSize: 0.08
Viewer.CameraLineWidth: 3.0
Viewer.ViewpointX: 0.0
Viewer.ViewpointY: -0.7
Viewer.ViewpointZ: -1.8
Viewer.ViewpointF: 500.0
Viewer.imageViewScale: 1.0
